,x1,x2,x3,x4,x5,x6,x7,remarks
x1,1.0,-0.0007933411385440055,-0.0025121351839341236,0.0012509017242970388,-0.0001405274906374798,-0.0017377102260834883,-0.0003127792554753494,0.202877287324772
x2,-0.0007933411385440055,1.0,-0.0031438641726597586,-0.0010434675810161,-0.0013720792897305972,-0.00027106131902886833,-9.180208372485788e-05,0.20249753850251181
x3,-0.0025121351839341236,-0.0031438641726597586,1.0,0.0006468588304118391,-0.00025264653291823193,-0.0003718008604110179,0.0011721264168407673,0.20357895054085764
x4,0.0012509017242970388,-0.0010434675810161,0.0006468588304118391,1.0,0.0008954221919150186,-5.7947992845014007e-05,-0.0012033459952416096,0.2033201783476103
x5,-0.0001405274906374798,-0.0013720792897305972,-0.00025264653291823193,0.0008954221919150186,1.0,0.00026149120462883073,0.0012607153038597027,0.20438358740003837
x6,-0.0017377102260834883,-0.00027106131902886833,-0.0003718008604110179,-5.7947992845014007e-05,0.00026149120462883073,1.0,0.00013450011442672332,0.20346473066486448
x7,-0.0003127792554753494,-9.180208372485788e-05,0.0011721264168407673,-0.0012033459952416096,0.0012607153038597027,0.00013450011442672332,1.0,0.8216562381394977
remarks,0.202877287324772,0.20249753850251181,0.20357895054085764,0.2033201783476103,0.20438358740003837,0.20346473066486448,0.8216562381394977,1.0
